cores,close,k10k,n20,1node
66.886936
66.365591
66.182310
66.073619
66.061007
66.068226
66.076270
66.151381
66.279900
66.101007
66.094019
66.122784
66.281251
66.304283
67.292154
67.007397
67.038304
67.272882
67.210161
66.970760
67.090876
67.055052
67.098623
67.177026
67.050803
66.995095
67.427939
67.057884
66.973821
67.201339
66.404739
66.442164
66.633669
67.254324
67.147390
66.402731
66.807415
66.140693
66.139909
66.171760
66.151728
66.166304
66.450621
66.169032
66.341927
66.320262
66.145384
66.193531
66.176101
66.199683
66.158244
66.158410
66.142873
66.143373
66.207263
65.972097
66.140945
66.164143
66.161091
66.166766
66.220917
66.179747
66.150213
66.166848
cores,close,k10k,n20,1node
66.146019
66.169127
66.190308
66.149113
66.132147
66.131367
66.118347
65.988922
66.079618
66.196689
66.100133
66.110188
66.065150
66.073073
66.097604
66.071364
66.099435
66.293677
66.074934
66.107156
66.084748
66.082611
66.142002
66.306618
66.113583
66.151190
66.124277
66.138973
66.249460
66.216448
66.147916
66.166603
66.140411
66.165594
66.235214
66.164638
66.145959
66.187516
66.143022
66.245264
66.298642
66.182780
