cores,close,k20k,n50,4socket
69.161636
64.441805
66.249226
64.140217
64.412796
50.114999
52.855881
51.475101
49.946385
50.900132
45.186278
49.183245
47.035888
48.608030
49.697333
48.675723
47.306760
49.615629
48.753872
45.452929
43.778265
45.422393
43.787159
44.082773
43.839792
43.213624
42.737235
45.548547
40.740326
41.321797
41.688644
44.900318
44.255131
44.029812
44.912238
46.089504
46.633158
44.925531
44.339160
48.277342
45.858552
48.554282
47.939681
46.197247
45.024946
42.422499
41.454518
40.076213
41.748444
43.072855
43.036022
42.144032
37.288902
18.686585
18.465330
18.437924
18.159291
18.377885
18.148424
18.239169
18.146893
18.278524
17.900513
18.019671
17.950488
18.262929
18.141551
17.933056
18.059710
18.277794
18.219259
18.659642
18.404215
17.809465
18.172265
18.736107
18.582723
18.445200
18.456214
18.248407
18.620414
18.530836
18.843364
18.554358
18.732741
18.537610
18.756203
18.350370
18.808658
18.815469
18.437521
18.352967
18.363904
18.277995
18.835191
18.297909
18.374290
18.487072
18.348452
18.341044
17.944134
18.354800
18.178295
18.313091
18.227451
17.838207
18.064688
17.870749
17.819783
17.952392
18.039594
17.992722
17.947758
17.797001
17.939412
17.867503
17.706642
17.641875
17.452924
17.742302
17.814023
17.600640
17.767069
17.787242
17.661412
17.836831
17.863955
17.812804
17.694832
17.625454
17.646559
17.465476
17.422462
17.740436
17.633168
17.727584
17.885988
17.849352
17.681849
17.446115
17.249554
17.602205
17.351071
17.363471
17.531246
17.640115
17.662497
17.628079
17.618383
17.510164
17.558704
17.624918
17.335545
17.676896
17.406709
17.554746
17.616802
17.564783
17.494764
17.711396
17.705837
17.674817
17.724967
18.078629
17.531697
17.767663
17.865390
17.960004
17.852877
17.948065
18.021539
18.056927
17.867478
17.869127
17.743240
17.964980
17.724894
17.858582
17.708146
17.736297
17.954181
17.999642
17.738068
17.892314
17.758808
17.735592
17.695583
17.746044
17.669195
17.845342
18.052354
17.973530
17.498725
17.743398
17.788335
17.757071
17.646722
17.674919
17.992921
18.020211
17.591333
17.660828
17.576361
17.528430
17.385679
17.808422
17.533470
17.651190
17.600809
17.596451
17.452111
17.717990
17.591444
17.457229
17.756726
17.536829
17.594462
17.325725
17.718242
17.229859
17.265891
17.299568
17.711378
17.295449
17.376992
17.643849
17.324486
17.444021
17.746766
17.425401
17.475796
17.493550
17.631350
17.293568
17.444373
17.641701
17.737459
17.700758
18.073725
17.512105
17.753170
17.709052
17.948082
17.868456
17.535407
17.617553
17.552119
17.704485
17.798016
17.537977
17.602836
17.831932
17.652283
17.832071
17.610817
17.735280
17.829710
17.680846
17.901123
17.352177
17.755782
17.793425
17.567184
17.511260
17.496192
17.719164
17.755364
17.440536
17.504074
17.363448
17.790942
17.996051
17.770944
17.480146
17.728427
17.441697
17.683723
17.494472
17.756125
17.775201
17.529228
17.429633
17.603611
17.778029
17.580880
17.778234
17.651329
17.570473
17.490835
