cores,close,k20k,n50,1node
76.663465
48.906035
52.327550
32.414654
37.079099
26.639691
25.556400
31.200412
30.904426
29.495670
46.107761
21.541348
29.062915
20.974014
21.385023
28.289126
20.306429
19.802851
19.742252
19.596896
19.381269
34.588861
26.567164
19.078718
19.079243
19.006304
18.832714
18.966511
18.722008
18.689717
19.691408
27.972202
19.653028
19.889966
35.381652
26.719863
20.445236
19.708852
33.617413
26.535291
19.132780
19.239162
19.134827
19.233467
19.610616
26.436856
19.089512
19.102557
19.429601
19.134034
19.193481
19.063798
18.994186
19.375488
35.227748
26.957398
18.737501
18.854958
18.726518
18.901301
19.069005
18.863020
18.834592
18.932945
socket,close,k20k,n50,1node
77.392662
47.211127
36.833091
31.821120
28.887685
26.642325
25.152128
24.367674
23.230441
22.722569
22.192053
21.651347
74.156058
59.708085
66.389357
64.590076
66.387302
53.323875
51.315481
52.260470
51.014346
52.052998
41.964404
53.216789
42.748375
53.897001
45.586092
53.513841
46.743703
46.938617
51.574002
44.130485
43.094128
41.869259
49.950677
42.945891
42.672683
43.030093
42.843265
44.227616
50.124782
43.785996
42.685477
42.978847
42.359662
42.434702
44.046257
43.986740
52.547726
45.733906
45.951518
48.471095
47.371253
46.234235
47.058255
43.146415
44.409622
42.165210
41.975238
40.879648
42.113879
41.796223
43.150386
42.922248
